-2.000000000000000000e+03 7.299999999999999822e+00
-1.990000000000000000e+03 7.299999999999999822e+00
-1.980000000000000000e+03 7.299999999999999822e+00
-1.970000000000000000e+03 7.299999999999999822e+00
-1.960000000000000000e+03 7.299999999999999822e+00
-1.950000000000000000e+03 7.299999999999999822e+00
-1.940000000000000000e+03 7.299999999999999822e+00
-1.930000000000000000e+03 7.299999999999999822e+00
-1.920000000000000000e+03 7.299999999999999822e+00
-1.910000000000000000e+03 7.299999999999999822e+00
-1.900000000000000000e+03 7.299999999999999822e+00
-1.890000000000000000e+03 7.299999999999999822e+00
-1.880000000000000000e+03 7.299999999999999822e+00
-1.870000000000000000e+03 7.299999999999999822e+00
-1.860000000000000000e+03 7.299999999999999822e+00
-1.850000000000000000e+03 7.299999999999999822e+00
-1.840000000000000000e+03 7.299999999999999822e+00
-1.830000000000000000e+03 7.299999999999999822e+00
-1.820000000000000000e+03 7.299999999999999822e+00
-1.810000000000000000e+03 7.299999999999999822e+00
-1.800000000000000000e+03 7.299999999999999822e+00
-1.790000000000000000e+03 7.299999999999999822e+00
-1.780000000000000000e+03 7.299999999999999822e+00
-1.770000000000000000e+03 7.299999999999999822e+00
-1.760000000000000000e+03 7.299999999999999822e+00
-1.750000000000000000e+03 7.299999999999999822e+00
-1.740000000000000000e+03 7.299999999999999822e+00
-1.730000000000000000e+03 7.299999999999999822e+00
-1.720000000000000000e+03 7.299999999999999822e+00
-1.710000000000000000e+03 7.299999999999999822e+00
-1.700000000000000000e+03 7.299999999999999822e+00
-1.690000000000000000e+03 7.299999999999999822e+00
-1.680000000000000000e+03 7.299999999999999822e+00
-1.670000000000000000e+03 7.299999999999999822e+00
-1.660000000000000000e+03 7.299999999999999822e+00
-1.650000000000000000e+03 7.299999999999999822e+00
-1.640000000000000000e+03 7.299999999999999822e+00
-1.630000000000000000e+03 7.299999999999999822e+00
-1.620000000000000000e+03 7.299999999999999822e+00
-1.610000000000000000e+03 7.299999999999999822e+00
-1.600000000000000000e+03 7.299999999999999822e+00
-1.590000000000000000e+03 7.299999999999999822e+00
-1.580000000000000000e+03 7.299999999999999822e+00
-1.570000000000000000e+03 7.299999999999999822e+00
-1.560000000000000000e+03 7.299999999999999822e+00
-1.550000000000000000e+03 7.299999999999999822e+00
-1.540000000000000000e+03 7.299999999999999822e+00
-1.530000000000000000e+03 7.299999999999999822e+00
-1.520000000000000000e+03 7.299999999999999822e+00
-1.510000000000000000e+03 7.299999999999999822e+00
-1.500000000000000000e+03 7.299999999999999822e+00
-1.490000000000000000e+03 7.299999999999999822e+00
-1.480000000000000000e+03 7.299999999999999822e+00
-1.470000000000000000e+03 7.299999999999999822e+00
-1.460000000000000000e+03 7.299999999999999822e+00
-1.450000000000000000e+03 7.299999999999999822e+00
-1.440000000000000000e+03 7.299999999999999822e+00
-1.430000000000000000e+03 7.299999999999999822e+00
-1.420000000000000000e+03 7.299999999999999822e+00
-1.410000000000000000e+03 7.299999999999999822e+00
-1.400000000000000000e+03 7.299999999999999822e+00
-1.390000000000000000e+03 7.299999999999999822e+00
-1.380000000000000000e+03 7.299999999999999822e+00
-1.370000000000000000e+03 7.299999999999999822e+00
-1.360000000000000000e+03 7.299999999999999822e+00
-1.350000000000000000e+03 7.299999999999999822e+00
-1.340000000000000000e+03 7.299999999999999822e+00
-1.330000000000000000e+03 7.299999999999999822e+00
-1.320000000000000000e+03 7.299999999999999822e+00
-1.310000000000000000e+03 7.299999999999999822e+00
-1.300000000000000000e+03 7.299999999999999822e+00
-1.290000000000000000e+03 7.299999999999999822e+00
-1.280000000000000000e+03 7.299999999999999822e+00
-1.270000000000000000e+03 7.299999999999999822e+00
-1.260000000000000000e+03 7.299999999999999822e+00
-1.250000000000000000e+03 7.299999999999999822e+00
-1.240000000000000000e+03 7.299999999999999822e+00
-1.230000000000000000e+03 7.299999999999999822e+00
-1.220000000000000000e+03 7.299999999999999822e+00
-1.210000000000000000e+03 7.299999999999999822e+00
-1.200000000000000000e+03 7.299999999999999822e+00
-1.190000000000000000e+03 7.299999999999999822e+00
-1.180000000000000000e+03 7.299999999999999822e+00
-1.170000000000000000e+03 7.299999999999999822e+00
-1.160000000000000000e+03 7.299999999999999822e+00
-1.150000000000000000e+03 7.299999999999999822e+00
-1.140000000000000000e+03 7.299999999999999822e+00
-1.130000000000000000e+03 7.299999999999999822e+00
-1.120000000000000000e+03 7.299999999999999822e+00
-1.110000000000000000e+03 7.299999999999999822e+00
-1.100000000000000000e+03 7.299999999999999822e+00
-1.090000000000000000e+03 7.299999999999999822e+00
-1.080000000000000000e+03 7.299999999999999822e+00
-1.070000000000000000e+03 7.299999999999999822e+00
-1.060000000000000000e+03 7.299999999999999822e+00
-1.050000000000000000e+03 7.299999999999999822e+00
-1.040000000000000000e+03 7.299999999999999822e+00
-1.030000000000000000e+03 7.299999999999999822e+00
-1.020000000000000000e+03 7.299999999999999822e+00
-1.010000000000000000e+03 7.299999999999999822e+00
-1.000000000000000000e+03 7.299999999999999822e+00
-9.900000000000000000e+02 7.299999999999999822e+00
-9.800000000000000000e+02 7.299999999999999822e+00
-9.700000000000000000e+02 7.299999999999999822e+00
-9.600000000000000000e+02 7.299999999999999822e+00
-9.500000000000000000e+02 7.299999999999999822e+00
-9.400000000000000000e+02 7.299999999999999822e+00
-9.300000000000000000e+02 7.299999999999999822e+00
-9.200000000000000000e+02 7.299999999999999822e+00
-9.100000000000000000e+02 7.299999999999999822e+00
-9.000000000000000000e+02 7.299999999999999822e+00
-8.900000000000000000e+02 7.299999999999999822e+00
-8.800000000000000000e+02 7.299999999999999822e+00
-8.700000000000000000e+02 7.299999999999999822e+00
-8.600000000000000000e+02 7.299999999999999822e+00
-8.500000000000000000e+02 7.299999999999999822e+00
-8.400000000000000000e+02 7.299999999999999822e+00
-8.300000000000000000e+02 7.299999999999999822e+00
-8.200000000000000000e+02 7.299999999999999822e+00
-8.100000000000000000e+02 7.299999999999999822e+00
-8.000000000000000000e+02 7.299999999999999822e+00
-7.900000000000000000e+02 7.299999999999999822e+00
-7.800000000000000000e+02 7.299999999999999822e+00
-7.700000000000000000e+02 7.299999999999999822e+00
-7.600000000000000000e+02 7.299999999999999822e+00
-7.500000000000000000e+02 7.299999999999999822e+00
-7.400000000000000000e+02 7.299999999999999822e+00
-7.300000000000000000e+02 7.299999999999999822e+00
-7.200000000000000000e+02 7.299999999999999822e+00
-7.100000000000000000e+02 7.299999999999999822e+00
-7.000000000000000000e+02 7.299999999999999822e+00
-6.900000000000000000e+02 7.299999999999999822e+00
-6.800000000000000000e+02 7.299999999999999822e+00
-6.700000000000000000e+02 7.299999999999999822e+00
-6.600000000000000000e+02 7.299999999999999822e+00
-6.500000000000000000e+02 7.299999999999999822e+00
-6.400000000000000000e+02 7.299999999999999822e+00
-6.300000000000000000e+02 7.299999999999999822e+00
-6.200000000000000000e+02 7.299999999999999822e+00
-6.100000000000000000e+02 7.299999999999999822e+00
-6.000000000000000000e+02 7.299999999999999822e+00
-5.900000000000000000e+02 7.299999999999999822e+00
-5.800000000000000000e+02 7.299999999999999822e+00
-5.700000000000000000e+02 7.299999999999999822e+00
-5.600000000000000000e+02 7.299999999999999822e+00
-5.500000000000000000e+02 7.299999999999999822e+00
-5.400000000000000000e+02 7.299999999999999822e+00
-5.300000000000000000e+02 7.299999999999999822e+00
-5.200000000000000000e+02 7.299999999999999822e+00
-5.100000000000000000e+02 7.299999999999999822e+00
-5.000000000000000000e+02 7.299999999999999822e+00
-4.900000000000000000e+02 7.299999999999999822e+00
-4.800000000000000000e+02 7.299999999999999822e+00
-4.700000000000000000e+02 7.299999999999999822e+00
-4.600000000000000000e+02 7.299999999999999822e+00
-4.500000000000000000e+02 7.299999999999999822e+00
-4.400000000000000000e+02 7.299999999999999822e+00
-4.300000000000000000e+02 7.299999999999999822e+00
-4.200000000000000000e+02 7.299999999999999822e+00
-4.100000000000000000e+02 7.299999999999999822e+00
-4.000000000000000000e+02 7.299999999999999822e+00
-3.900000000000000000e+02 7.299999999999999822e+00
-3.800000000000000000e+02 7.299999999999999822e+00
-3.700000000000000000e+02 7.299999999999999822e+00
-3.600000000000000000e+02 7.299999999999999822e+00
-3.500000000000000000e+02 7.299999999999999822e+00
-3.400000000000000000e+02 7.299999999999999822e+00
-3.300000000000000000e+02 7.299999999999999822e+00
-3.200000000000000000e+02 7.299999999999999822e+00
-3.100000000000000000e+02 7.299999999999999822e+00
-3.000000000000000000e+02 7.299999999999999822e+00
-2.900000000000000000e+02 7.299999999999999822e+00
-2.800000000000000000e+02 7.299999999999999822e+00
-2.700000000000000000e+02 7.299999999999999822e+00
-2.600000000000000000e+02 7.299999999999999822e+00
-2.500000000000000000e+02 7.299999999999999822e+00
-2.400000000000000000e+02 7.299999999999999822e+00
-2.300000000000000000e+02 7.299999999999999822e+00
-2.200000000000000000e+02 7.299999999999999822e+00
-2.100000000000000000e+02 7.299999999999999822e+00
-2.000000000000000000e+02 7.299999999999999822e+00
-1.900000000000000000e+02 7.299999999999999822e+00
-1.800000000000000000e+02 7.299999999999999822e+00
-1.700000000000000000e+02 7.299999999999999822e+00
-1.600000000000000000e+02 7.299999999999999822e+00
-1.500000000000000000e+02 7.299999999999999822e+00
-1.400000000000000000e+02 7.299999999999999822e+00
-1.300000000000000000e+02 7.299999999999999822e+00
-1.200000000000000000e+02 7.299999999999999822e+00
-1.100000000000000000e+02 7.299999999999999822e+00
-1.000000000000000000e+02 7.299999999999999822e+00
-9.000000000000000000e+01 7.299999999999999822e+00
-8.000000000000000000e+01 7.299999999999999822e+00
-7.000000000000000000e+01 7.299999999999999822e+00
-6.000000000000000000e+01 7.299999999999999822e+00
-5.000000000000000000e+01 7.299999999999999822e+00
-4.000000000000000000e+01 7.299999999999999822e+00
-3.000000000000000000e+01 7.299999999999999822e+00
-2.000000000000000000e+01 7.299999999999999822e+00
-1.000000000000000000e+01 7.299999999999999822e+00
0.000000000000000000e+00 7.299999999999999822e+00
1.000000000000000000e+01 7.299999999999999822e+00
2.000000000000000000e+01 7.299999999999999822e+00
3.000000000000000000e+01 7.299999999999999822e+00
4.000000000000000000e+01 7.299999999999999822e+00
5.000000000000000000e+01 7.299999999999999822e+00
6.000000000000000000e+01 7.299999999999999822e+00
7.000000000000000000e+01 7.299999999999999822e+00
8.000000000000000000e+01 7.299999999999999822e+00
9.000000000000000000e+01 7.299999999999999822e+00
1.000000000000000000e+02 7.299999999999999822e+00
1.100000000000000000e+02 7.299999999999999822e+00
1.200000000000000000e+02 7.299999999999999822e+00
1.300000000000000000e+02 7.299999999999999822e+00
1.400000000000000000e+02 7.299999999999999822e+00
1.500000000000000000e+02 7.299999999999999822e+00
1.600000000000000000e+02 7.299999999999999822e+00
1.700000000000000000e+02 7.299999999999999822e+00
1.800000000000000000e+02 7.299999999999999822e+00
1.900000000000000000e+02 7.299999999999999822e+00
2.000000000000000000e+02 7.299999999999999822e+00
2.100000000000000000e+02 7.299999999999999822e+00
2.200000000000000000e+02 7.299999999999999822e+00
2.300000000000000000e+02 7.299999999999999822e+00
2.400000000000000000e+02 7.299999999999999822e+00
2.500000000000000000e+02 7.299999999999999822e+00
2.600000000000000000e+02 7.299999999999999822e+00
2.700000000000000000e+02 7.299999999999999822e+00
2.800000000000000000e+02 7.299999999999999822e+00
2.900000000000000000e+02 7.299999999999999822e+00
3.000000000000000000e+02 7.299999999999999822e+00
3.100000000000000000e+02 7.299999999999999822e+00
3.200000000000000000e+02 7.299999999999999822e+00
3.300000000000000000e+02 7.299999999999999822e+00
3.400000000000000000e+02 7.299999999999999822e+00
3.500000000000000000e+02 7.299999999999999822e+00
3.600000000000000000e+02 7.299999999999999822e+00
3.700000000000000000e+02 7.299999999999999822e+00
3.800000000000000000e+02 7.299999999999999822e+00
3.900000000000000000e+02 7.299999999999999822e+00
4.000000000000000000e+02 7.299999999999999822e+00
4.100000000000000000e+02 7.299999999999999822e+00
4.200000000000000000e+02 7.299999999999999822e+00
4.300000000000000000e+02 7.299999999999999822e+00
4.400000000000000000e+02 7.299999999999999822e+00
4.500000000000000000e+02 7.299999999999999822e+00
4.600000000000000000e+02 7.299999999999999822e+00
4.700000000000000000e+02 7.299999999999999822e+00
4.800000000000000000e+02 7.299999999999999822e+00
4.900000000000000000e+02 7.299999999999999822e+00
5.000000000000000000e+02 7.299999999999999822e+00
5.100000000000000000e+02 7.299999999999999822e+00
5.200000000000000000e+02 7.299999999999999822e+00
5.300000000000000000e+02 7.299999999999999822e+00
5.400000000000000000e+02 7.299999999999999822e+00
5.500000000000000000e+02 7.299999999999999822e+00
5.600000000000000000e+02 7.299999999999999822e+00
5.700000000000000000e+02 7.299999999999999822e+00
5.800000000000000000e+02 7.299999999999999822e+00
5.900000000000000000e+02 7.299999999999999822e+00
6.000000000000000000e+02 7.299999999999999822e+00
6.100000000000000000e+02 7.299999999999999822e+00
6.200000000000000000e+02 7.299999999999999822e+00
6.300000000000000000e+02 7.299999999999999822e+00
6.400000000000000000e+02 7.299999999999999822e+00
6.500000000000000000e+02 7.299999999999999822e+00
6.600000000000000000e+02 7.299999999999999822e+00
6.700000000000000000e+02 7.299999999999999822e+00
6.800000000000000000e+02 7.299999999999999822e+00
6.900000000000000000e+02 7.299999999999999822e+00
7.000000000000000000e+02 7.299999999999999822e+00
7.100000000000000000e+02 7.299999999999999822e+00
7.200000000000000000e+02 7.299999999999999822e+00
7.300000000000000000e+02 7.299999999999999822e+00
7.400000000000000000e+02 7.299999999999999822e+00
7.500000000000000000e+02 7.299999999999999822e+00
7.600000000000000000e+02 7.299999999999999822e+00
7.700000000000000000e+02 7.299999999999999822e+00
7.800000000000000000e+02 7.299999999999999822e+00
7.900000000000000000e+02 7.299999999999999822e+00
8.000000000000000000e+02 7.299999999999999822e+00
8.100000000000000000e+02 7.299999999999999822e+00
8.200000000000000000e+02 7.299999999999999822e+00
8.300000000000000000e+02 7.299999999999999822e+00
8.400000000000000000e+02 7.299999999999999822e+00
8.500000000000000000e+02 7.299999999999999822e+00
8.600000000000000000e+02 7.299999999999999822e+00
8.700000000000000000e+02 7.299999999999999822e+00
8.800000000000000000e+02 7.299999999999999822e+00
8.900000000000000000e+02 7.299999999999999822e+00
9.000000000000000000e+02 7.299999999999999822e+00
9.100000000000000000e+02 7.299999999999999822e+00
9.200000000000000000e+02 7.299999999999999822e+00
9.300000000000000000e+02 7.299999999999999822e+00
9.400000000000000000e+02 7.299999999999999822e+00
9.500000000000000000e+02 7.299999999999999822e+00
9.600000000000000000e+02 7.299999999999999822e+00
9.700000000000000000e+02 7.299999999999999822e+00
9.800000000000000000e+02 7.299999999999999822e+00
9.900000000000000000e+02 7.299999999999999822e+00
1.000000000000000000e+03 7.299999999999999822e+00
1.010000000000000000e+03 7.299999999999999822e+00
1.020000000000000000e+03 7.299999999999999822e+00
1.030000000000000000e+03 7.299999999999999822e+00
1.040000000000000000e+03 7.299999999999999822e+00
1.050000000000000000e+03 7.299999999999999822e+00
1.060000000000000000e+03 7.299999999999999822e+00
1.070000000000000000e+03 7.299999999999999822e+00
1.080000000000000000e+03 7.299999999999999822e+00
1.090000000000000000e+03 7.299999999999999822e+00
1.100000000000000000e+03 7.299999999999999822e+00
1.110000000000000000e+03 7.299999999999999822e+00
1.120000000000000000e+03 7.299999999999999822e+00
1.130000000000000000e+03 7.299999999999999822e+00
1.140000000000000000e+03 7.299999999999999822e+00
1.150000000000000000e+03 7.299999999999999822e+00
1.160000000000000000e+03 7.299999999999999822e+00
1.170000000000000000e+03 7.299999999999999822e+00
1.180000000000000000e+03 7.299999999999999822e+00
1.190000000000000000e+03 7.299999999999999822e+00
1.200000000000000000e+03 7.299999999999999822e+00
1.210000000000000000e+03 7.299999999999999822e+00
1.220000000000000000e+03 7.299999999999999822e+00
1.230000000000000000e+03 7.299999999999999822e+00
1.240000000000000000e+03 7.299999999999999822e+00
1.250000000000000000e+03 7.299999999999999822e+00
1.260000000000000000e+03 7.299999999999999822e+00
1.270000000000000000e+03 7.299999999999999822e+00
1.280000000000000000e+03 7.299999999999999822e+00
1.290000000000000000e+03 7.299999999999999822e+00
1.300000000000000000e+03 7.299999999999999822e+00
1.310000000000000000e+03 7.299999999999999822e+00
1.320000000000000000e+03 7.299999999999999822e+00
1.330000000000000000e+03 7.299999999999999822e+00
1.340000000000000000e+03 7.299999999999999822e+00
1.350000000000000000e+03 7.299999999999999822e+00
1.360000000000000000e+03 7.299999999999999822e+00
1.370000000000000000e+03 7.299999999999999822e+00
1.380000000000000000e+03 7.299999999999999822e+00
1.390000000000000000e+03 7.299999999999999822e+00
1.400000000000000000e+03 7.299999999999999822e+00
1.410000000000000000e+03 7.299999999999999822e+00
1.420000000000000000e+03 7.299999999999999822e+00
1.430000000000000000e+03 7.299999999999999822e+00
1.440000000000000000e+03 7.299999999999999822e+00
1.450000000000000000e+03 7.299999999999999822e+00
1.460000000000000000e+03 7.299999999999999822e+00
1.470000000000000000e+03 7.299999999999999822e+00
1.480000000000000000e+03 7.299999999999999822e+00
1.490000000000000000e+03 7.299999999999999822e+00
1.500000000000000000e+03 7.299999999999999822e+00
1.510000000000000000e+03 7.299999999999999822e+00
1.520000000000000000e+03 7.299999999999999822e+00
1.530000000000000000e+03 7.299999999999999822e+00
1.540000000000000000e+03 7.299999999999999822e+00
1.550000000000000000e+03 7.299999999999999822e+00
1.560000000000000000e+03 7.299999999999999822e+00
1.570000000000000000e+03 3.960000000000000000e+02
1.580000000000000000e+03 3.960000000000000000e+02
1.590000000000000000e+03 3.960000000000000000e+02
1.600000000000000000e+03 3.960000000000000000e+02
1.610000000000000000e+03 3.960000000000000000e+02
1.620000000000000000e+03 3.960000000000000000e+02
1.630000000000000000e+03 3.960000000000000000e+02
1.640000000000000000e+03 3.960000000000000000e+02
1.650000000000000000e+03 3.960000000000000000e+02
1.660000000000000000e+03 3.960000000000000000e+02
1.670000000000000000e+03 3.960000000000000000e+02
1.680000000000000000e+03 3.960000000000000000e+02
1.690000000000000000e+03 3.960000000000000000e+02
1.700000000000000000e+03 3.960000000000000000e+02
1.710000000000000000e+03 3.960000000000000000e+02
1.720000000000000000e+03 3.960000000000000000e+02
1.730000000000000000e+03 3.960000000000000000e+02
1.740000000000000000e+03 3.960000000000000000e+02
1.750000000000000000e+03 3.960000000000000000e+02
1.760000000000000000e+03 3.960000000000000000e+02
1.770000000000000000e+03 3.960000000000000000e+02
1.780000000000000000e+03 3.960000000000000000e+02
1.790000000000000000e+03 3.960000000000000000e+02
1.800000000000000000e+03 3.960000000000000000e+02
1.810000000000000000e+03 3.960000000000000000e+02
1.820000000000000000e+03 3.960000000000000000e+02
1.830000000000000000e+03 3.960000000000000000e+02
1.840000000000000000e+03 3.960000000000000000e+02
1.850000000000000000e+03 5.161000000000000227e+02
1.860000000000000000e+03 6.567999999999999545e+02
1.870000000000000000e+03 1.542299999999999955e+03
1.880000000000000000e+03 2.246699999999999818e+03
1.890000000000000000e+03 2.617400000000000091e+03
1.900000000000000000e+03 2.325500000000000000e+03
1.910000000000000000e+03 1.744500000000000000e+03
1.920000000000000000e+03 8.281000000000000227e+02
1.930000000000000000e+03 7.488999999999999773e+02
1.940000000000000000e+03 7.992999999999999545e+02
1.950000000000000000e+03 6.925000000000000000e+02
1.960000000000000000e+03 9.713999999999999773e+02
1.970000000000000000e+03 1.183200000000000045e+03
1.980000000000000000e+03 1.305299999999999955e+03
1.990000000000000000e+03 1.433500000000000000e+03
2.000000000000000000e+03 1.422500000000000000e+03
2.008000000000000000e+03 1.964900000000000091e+03
2.009000000000000000e+03 2.020810000000000173e+03
2.010000000000000000e+03 2.076720000000000255e+03
2.011000000000000000e+03 2.132630000000000109e+03
2.012000000000000000e+03 2.188539999999999964e+03
2.013000000000000000e+03 2.244449999999999818e+03
2.014000000000000000e+03 2.300359999999999673e+03
2.015000000000000000e+03 2.300359999999999673e+03
2.016000000000000000e+03 2.300359999999999673e+03
2.017000000000000000e+03 2.300359999999999673e+03
2.018000000000000000e+03 2.300359999999999673e+03
2.019000000000000000e+03 2.300359999999999673e+03
2.020000000000000000e+03 2.300359999999999673e+03
2.021000000000000000e+03 2.300359999999999673e+03
2.022000000000000000e+03 2.300359999999999673e+03
2.023000000000000000e+03 2.300359999999999673e+03
2.024000000000000000e+03 2.300359999999999673e+03
2.025000000000000000e+03 2.300359999999999673e+03
2.026000000000000000e+03 2.300359999999999673e+03
2.027000000000000000e+03 2.300359999999999673e+03
2.028000000000000000e+03 2.300359999999999673e+03
2.029000000000000000e+03 2.300359999999999673e+03
2.030000000000000000e+03 2.300359999999999673e+03
2.031000000000000000e+03 2.300359999999999673e+03
2.032000000000000000e+03 2.300359999999999673e+03
2.033000000000000000e+03 2.300359999999999673e+03
2.034000000000000000e+03 2.300359999999999673e+03
2.035000000000000000e+03 2.300359999999999673e+03
2.036000000000000000e+03 2.300359999999999673e+03
2.037000000000000000e+03 2.300359999999999673e+03
2.038000000000000000e+03 2.300359999999999673e+03
2.039000000000000000e+03 2.300359999999999673e+03
2.040000000000000000e+03 2.300359999999999673e+03
2.041000000000000000e+03 2.300359999999999673e+03
2.042000000000000000e+03 2.300359999999999673e+03
2.043000000000000000e+03 2.300359999999999673e+03
2.044000000000000000e+03 2.300359999999999673e+03
2.045000000000000000e+03 2.300359999999999673e+03
2.046000000000000000e+03 2.300359999999999673e+03
2.047000000000000000e+03 2.300359999999999673e+03
2.048000000000000000e+03 2.300359999999999673e+03
2.049000000000000000e+03 2.300359999999999673e+03
